102
209
316
422
529
635
742
848
955
1061
1170
1277
1385
1492
1601
1709
1816
1923
2031
2139
2246
2354
2462
2570
2677
2786
2893
3001
3108
3217
3324
3432
3540
3648
3756
3864
3972
4079
4188
4295
4403
4511
4619
4726
4835
4942
5051
5158
5266
5374
5482
5590
5698
5806
5912
6021
6128
6237
6344
6452
6560
6668
6775
6884
6991
7099
7207
7315
7424
7531
7639
7747
7855
7962
8071
8178
8286
8394
8502
8610
8718
8825
8934
9041
9150
9257
9366
9474
9581
9690
9797
9906
10013
10122
10231
10339
10448
10557
10667
10775
10885
10993
11103
11211
11321
11429
11539
11648
11757
11866
11975
12084
12193
12302
12411
12520
12630
12738
12848
12956
13066
13174
13284
13392
13502
13611
13720
13829
13938
14047
14156
14265
14374
14483
14593
14701
14811
14919
15029
15137
15247
15355
15465
15574
15683
15792
15901
16010
16119
16228
16337
16446
16556
16664
16774
16882
16992
17101
17210
17319
17428
17538
17646
17756
17864
17974
18082
18192
18301
18410
18520
18628
18738
18846
18956
19064
19174
19282
19392
19502
19610
19720
19828
19938
20046
20156
20264
20374
20484
20592
20701
20809
20919
21027
21137
21245
21355
21464
21573
21683
21791
21900
22008
22118
22226
22336
22445
22554
22663
22772
22881
22989
23099
23207
23317
23426
23535
23644
23753
23862
23971
24081
24189
24299
24408
24517
24626
24735
24844
24953
25063
25171
25281
25390
25499
25608
25717
25826
25935
26045
26153
26263
26372
26481
26590
26699
26809
26917
27027
27136
27245
27354
27463
27572
27680
27790
27898
28008
28116
28226
28335
28443
28553
28661
28771
28879
28989
29097
29206
29316
29424
29534
29642
29752
29861
29970
30080
30188
30298
30407
30516
30625
30734
30843
30952
31062
31171
31280
31389
31498
31607
31716
31825
31935
32044
32153
32262
32371
32480
32589
32699
32807
32917
33026
33135
33245
33353
33463
33571
33681
33789
33899
34009
34117
34227
34336
34445
34554
34663
34772
34882
34991
35100
35209
35317
35427
35535
35645
35755
35863
35973
36082
36191
36300
36409
36518
36628
36737
36846
36956
37064
37174
37283
37392
37501
37610
37720
37828
37937
38046
38156
38264
38374
38482
38592
38702
38810
38920
39029
39138
39247
39356
39465
39575
39684
39793
39903
40011
40121
40229
40339
40449
40557
40667
40775
40884
40993
41102
41211
41321
41430
41539
41649
41757
41867
41975
42085
42194
42303
42413
42521
42630
42739
42848
42957
43067
43175
43285
43394
43502
43612
43720
43830
43939
44048
44157
44266
44375
44484
44593
44702
44812
44920
45030
45139
45248
45358
45466
45576
45685
45794
45903
46013
46121
46231
46340
46449
46559
46667
46777
46885
46994
47104
47212
47322
47431
47540
47649
47759
47867
47977
48087
48195
48305
48413
48523
48632
48741
48850
48959
49069
49178
49287
49396
49506
49614
49724
49833
49942
50052
50160
50270
50379
50488
50597
50707
50816
50925
51034
51143
51253
51361
51471
51580
51689
51799
51907
52017
52126
52235
52344
52454
52562
52672
52781
52890
53000
53108
53218
53327
53436
53545
53654
53764
53873
53982
54091
54200
54308
54418
54526
54636
54746
54854
54964
55072
55181
55290
55399
55508
55618
55727
55836
55945
56053
56163
56272
56381
56491
56599
56709
56818
56927
57036
57146
57254
57364
57473
57582
57692
57800
57910
58019
58128
58237
58346
58456
58565
58674
58783
58893
59001
59111
59219
59329
59439
